35
222
135
389
336
384
338
406
144
121
508
293
95
185
77
90
304
325
410
445
131
44
167
133
41
73
316
378
149
367
300
219
255
68
43
491
396
435
418
55
234
191
2
215
56
237
115
221
177
308
176
137
337
241
89
282
355
502
414
392
381
13
422
362
503
252
52
207
444
14
1
275
506
214
81
196
467
450
79
346
478
377
361
486
101
258
164
67
340
106
261
271
328
466
108
116
285
205
383
9
474
91
110
33
129
349
62
86
224
399
130
250
345
109
428
437
371
296
5
303
329
220
443
10
189
511
482
23
259
375
441
245
427
76
28
499
104
294
460
283
158
136
132
126
210
7
402
262
251
161
3
439
209
61
423
93
16
70
352
125
24
400
419
393
40
326
138
297
488
309
38
327
83
190
192
264
154
407
229
231
276
485
236
403
31
32
462
315
388
330
457
97
451
512
188
306
263
235
314
36
47
112
118
368
408
494
228
46
440
50
80
442
310
117
492
343
433
4
333
226
277
501
123
453
223
339
58
459
147
8
267
342
359
246
483
374
72
34
157
257
173
197
379
373
60
26
272
166
107
363
270
198
416
370
21
242
473
244
471
162
128
180
469
169
122
397
11
168
113
505
463
481
351
401
476
421
85
182
48
27
45
391
142
202
63
387
477
510
274
312
323
204
98
22
366
53
248
100
487
305
247
254
218
155
134
386
174
369
266
394
348
150
183
425
25
217
341
280
344
504
200
30
71
301
114
290
398
319
54
292
470
509
415
461
181
184
409
143
313
6
96
278
287
365
332
88
119
299
480
411
75
120
152
472
424
49
243
156
203
94
464
281
195
15
446
239
163
208
124
497
311
395
69
186
216
412
438
289
145
212
475
12
295
298
284
321
404
429
357
225
82
238
269
201
324
358
454
334
172
500
105
455
102
153
376
413
179
465
288
39
320
493
51
165
430
268
335
227
490
449
260
331
59
426
99
240
64
78
420
447
353
178
17
354
37
291
265
194
350
193
253
484
199
322
498
84
452
170
230
496
317
390
256
57
456
233
448
213
141
436
65
20
171
151
364
385
507
206
159
18
431
318
29
405
187
66
273
74
146
347
380
489
417
140
279
175
87
434
286
458
495
111
148
211
42
307
360
432
92
372
160
356
103
249
232
19
479
127
382
139
302
468
