469
189
689
330
439
80
999
617
704
387
321
535
511
53
973
688
81
334
62
201
980
625
882
640
605
539
78
830
155
815
1015
398
853
289
771
249
277
468
826
608
302
525
217
867
666
418
991
580
139
989
508
414
1002
85
244
788
35
754
178
658
373
574
150
799
422
887
435
745
196
902
983
51
142
602
955
164
27
952
573
52
208
158
985
563
65
5
578
437
576
23
361
159
129
873
914
517
165
222
12
672
490
710
961
421
604
61
648
806
995
251
441
98
84
557
288
89
529
523
449
484
79
406
657
487
864
69
343
232
656
349
515
957
992
301
119
947
219
209
93
267
335
855
675
673
813
746
909
716
118
560
190
685
417
409
562
337
24
95
883
322
664
653
405
725
325
370
205
588
669
368
1013
70
108
903
733
945
870
888
183
250
28
686
642
384
17
834
974
122
703
700
352
345
775
436
96
769
124
776
50
880
915
424
556
739
851
453
269
872
808
718
297
981
837
191
567
684
594
362
741
363
638
781
793
342
919
498
591
91
429
496
233
307
687
699
55
577
203
492
859
425
763
649
715
865
561
708
953
609
696
320
774
893
87
510
63
886
75
720
41
901
475
711
634
210
927
596
450
701
254
452
186
977
779
365
600
630
520
939
309
736
265
317
275
514
144
524
778
495
327
39
990
925
46
805
786
316
170
416
898
540
721
273
906
626
768
905
451
816
807
940
113
458
910
532
176
897
728
102
1017
258
286
172
174
838
480
760
858
240
57
531
432
922
993
434
936
543
241
661
181
488
998
197
228
603
351
636
644
319
329
615
146
456
300
823
849
848
949
822
809
235
683
461
212
200
502
14
486
31
758
136
916
527
660
290
620
963
731
255
202
353
996
579
750
226
60
266
336
942
548
260
397
111
581
83
951
692
236
348
598
589
759
843
831
149
179
784
795
74
237
26
1012
1005
341
599
1008
551
755
125
333
204
120
314
751
722
665
140
6
187
381
773
958
138
762
211
884
30
623
13
597
195
339
960
651
2
369
256
218
747
328
106
472
395
225
18
558
393
584
295
127
447
371
857
794
298
121
338
680
1023
169
42
933
430
845
312
950
466
141
976
356
1020
82
679
213
376
54
896
474
36
812
45
10
924
918
423
659
271
871
243
454
655
618
646
804
114
752
693
654
631
935
632
968
777
500
803
819
206
457
633
869
220
544
518
294
643
844
413
814
611
601
442
767
592
33
305
972
247
966
465
311
571
21
15
299
242
821
279
274
892
765
802
969
448
827
238
231
624
7
637
282
473
877
737
707
367
890
647
530
613
695
994
467
521
677
292
706
671
1021
115
463
64
787
526
742
1016
850
670
257
743
629
894
926
825
180
175
391
861
440
568
852
842
428
694
287
509
505
489
875
719
109
676
248
455
501
261
379
678
43
566
641
698
157
900
662
839
697
346
477
1011
565
519
94
979
280
479
1010
727
116
433
281
97
110
549
482
483
1007
764
941
748
283
987
874
738
396
147
167
104
400
944
622
229
245
937
128
780
959
112
105
359
173
293
840
491
56
690
446
572
92
610
1004
59
986
713
1022
154
1018
29
820
399
1003
278
891
982
846
347
757
1009
476
44
77
383
717
340
847
390
545
554
709
789
412
928
854
907
723
889
792
360
583
326
404
478
954
614
107
375
40
410
188
3
570
259
315
790
444
276
1006
76
971
117
606
291
168
810
932
536
207
800
215
724
1019
192
494
47
593
712
734
126
860
221
264
835
37
930
318
366
148
1001
635
542
811
616
904
86
553
797
537
25
619
68
88
796
753
876
533
503
946
962
817
682
223
234
133
253
856
705
355
863
547
921
667
156
394
90
818
899
975
595
324
374
199
878
770
590
1000
8
929
252
166
997
415
135
153
358
1014
137
263
304
177
73
182
32
227
836
964
507
923
538
541
881
575
645
308
193
431
564
131
230
668
744
151
161
528
19
938
357
948
841
427
171
493
34
9
522
284
332
419
420
866
313
920
354
262
426
988
99
735
895
4
143
459
967
868
403
829
123
499
663
49
285
504
389
621
552
239
628
411
130
20
377
407
481
587
702
943
184
879
681
214
726
380
11
782
783
331
913
464
824
48
785
22
72
162
145
740
586
550
691
674
749
372
729
627
1
798
607
559
103
438
885
585
382
216
908
310
555
132
828
582
756
445
378
58
970
471
506
296
650
401
934
639
534
163
772
402
198
344
965
732
462
246
303
569
612
323
306
832
443
100
761
350
730
71
185
766
268
931
978
956
385
134
513
16
67
386
862
460
485
388
66
546
516
470
152
912
791
911
101
714
194
984
38
917
364
408
801
652
392
512
497
270
160
272
833
224
