264
411
197
437
329
488
441
94
369
229
292
375
406
18
316
93
224
279
259
300
114
49
252
144
389
65
442
34
54
387
372
275
26
139
185
347
335
59
404
19
321
401
260
1
288
118
161
46
153
178
357
136
57
419
212
427
98
483
364
426
360
326
365
242
23
71
410
210
159
78
52
230
67
295
72
408
127
137
272
248
196
148
486
470
407
209
37
477
106
41
355
392
97
249
472
82
397
168
64
4
25
339
396
498
45
238
496
226
403
494
219
298
218
432
233
388
294
79
413
254
147
420
443
440
80
99
171
170
340
245
395
459
51
160
104
174
430
350
107
484
366
471
280
38
485
115
476
225
92
201
199
143
345
439
458
247
91
32
129
158
21
431
489
193
333
451
332
234
497
166
461
409
154
314
58
323
189
274
418
325
30
15
141
3
402
285
277
202
130
176
216
327
307
315
359
422
457
240
394
43
103
221
31
380
27
214
399
444
39
123
454
120
468
56
109
379
87
405
76
384
177
145
251
53
390
155
351
175
376
13
156
42
283
157
83
354
414
61
499
434
33
463
301
308
412
400
203
324
278
122
449
16
363
63
70
204
299
195
121
453
86
286
179
353
313
236
223
303
349
469
421
377
393
7
241
467
452
296
381
124
424
108
383
343
348
268
273
172
309
47
261
243
493
208
361
460
370
438
425
12
319
487
336
5
312
217
478
66
188
184
142
386
266
152
378
310
89
113
306
140
322
417
135
222
446
328
180
462
40
183
269
367
11
77
276
10
448
227
284
429
416
480
495
138
474
466
258
102
291
55
198
162
36
398
200
6
207
385
244
74
112
373
192
146
150
436
490
371
479
281
482
24
368
88
151
415
85
191
163
473
232
20
133
337
215
194
356
481
346
262
256
287
125
491
330
297
105
95
231
131
267
117
253
362
250
447
455
132
9
331
270
190
435
187
62
182
465
228
100
81
17
96
119
149
492
205
391
126
433
239
344
220
428
305
456
317
334
165
289
358
257
304
169
246
75
445
35
134
318
48
116
338
173
69
255
282
450
44
352
341
164
311
374
14
235
22
28
302
382
271
50
293
320
111
213
2
500
84
342
423
101
90
73
237
290
464
110
167
128
29
8
211
186
181
475
60
68
263
265
206
